service_id,monday,tuesday,wednesday,thursday,friday,saturday,sunday,start_date,end_date
19T0,1,1,1,1,1,0,0,20231101,20231209
19T0#1,1,1,1,1,1,0,0,20231101,20231209
19T0#10,1,1,1,1,1,0,0,20231101,20231209
19T0#11,1,1,1,1,1,0,0,20231101,20231209
19T0#12,1,1,1,1,1,0,0,20231101,20231209
19T0#13,1,1,1,1,1,0,0,20231101,20231209
19T0#14,0,0,0,1,1,0,0,20231101,20231103
19T0#15,1,1,1,1,1,0,0,20231104,20231209
19T0#16,1,1,1,1,1,0,0,20231101,20231124
19T0#17,1,1,1,1,1,0,0,20231125,20231209
19T0#18,1,1,1,1,1,0,0,20231101,20231209
19T0#19,1,1,1,1,1,0,0,20231120,20231201
19T0#2,1,1,1,1,1,0,0,20231101,20231209
19T0#20,1,1,1,1,1,0,0,20231101,20231209
19T0#21,1,1,1,1,1,0,0,20231101,20231209
19T0#22,1,1,1,1,1,0,0,20231101,20231209
19T0#23,1,1,1,1,1,0,0,20231101,20231209
19T0#24,1,1,1,1,1,0,0,20231101,20231117
19T0#25,0,0,0,0,1,0,0,20231110,20231112
19T0#26,1,1,1,1,1,0,0,20231101,20231117
19T0#27,1,1,1,1,1,0,0,20231118,20231209
19T0#28,1,1,1,1,1,0,0,20231101,20231209
19T0#29,1,1,1,1,1,0,0,20231101,20231209
19T0#3,1,1,1,1,1,0,0,20231106,20231112
19T0#30,1,1,1,1,1,0,0,20231101,20231209
19T0#31,1,1,1,1,1,0,0,20231101,20231209
19T0#32,1,1,1,1,1,0,0,20231101,20231209
19T0#33,1,1,1,1,1,0,0,20231101,20231209
19T0#34,1,1,1,1,1,0,0,20231101,20231209
19T0#35,1,1,1,1,1,0,0,20231101,20231209
19T0#36,1,1,1,1,1,0,0,20231101,20231209
19T0#37,1,1,1,1,1,0,0,20231101,20231209
19T0#38,1,1,1,1,1,0,0,20231101,20231209
19T0#39,1,1,1,1,1,0,0,20231101,20231209
19T0#4,1,1,1,1,1,0,0,20231101,20231209
19T0#40,1,1,1,1,1,0,0,20231101,20231209
19T0#41,1,1,1,1,1,0,0,20231101,20231209
19T0#42,1,1,1,1,1,0,0,20231101,20231203
19T0#43,1,1,1,1,1,0,0,20231204,20231209
19T0#44,1,1,1,1,1,0,0,20231101,20231209
19T0#45,1,1,1,1,1,0,0,20231101,20231209
19T0#46,1,1,1,1,1,0,0,20231101,20231209
19T0#47,1,1,1,1,1,0,0,20231101,20231126
19T0#48,1,1,1,1,1,0,0,20231201,20231209
19T0#49,1,1,1,1,1,0,0,20231101,20231209
19T0#5,1,1,1,1,1,0,0,20231101,20231110
19T0#50,1,1,1,1,1,0,0,20231101,20231209
19T0#51,1,1,1,1,1,0,0,20231101,20231203
19T0#52,1,1,1,1,1,0,0,20231101,20231209
19T0#53,1,1,1,1,1,0,0,20231101,20231209
19T0#54,1,1,1,1,1,0,0,20231101,20231209
19T0#55,1,1,1,1,1,0,0,20231101,20231112
19T0#56,1,1,1,1,1,0,0,20231113,20231209
19T0#57,1,1,1,1,1,0,0,20231101,20231209
19T0#58,1,1,1,1,1,0,0,20231101,20231209
19T0#59,1,1,1,1,1,0,0,20231101,20231209
19T0#6,1,1,1,1,1,0,0,20231101,20231209
19T0#60,1,1,1,1,1,0,0,20231101,20231209
19T0#61,1,1,1,1,1,0,0,20231101,20231112
19T0#62,0,0,0,1,1,0,0,20231101,20231105
19T0#63,1,1,1,1,1,0,0,20231106,20231209
19T0#64,1,1,1,1,1,0,0,20231101,20231209
19T0#65,1,1,1,1,1,0,0,20231101,20231209
19T0#66,1,1,1,1,1,0,0,20231101,20231209
19T0#67,1,1,1,1,1,0,0,20231101,20231208
19T0#68,1,1,1,1,1,0,0,20231101,20231209
19T0#69,1,1,1,1,1,0,0,20231101,20231209
19T0#7,1,1,1,1,1,0,0,20231101,20231209
19T0#70,1,1,1,1,1,0,0,20231204,20231208
19T0#71,1,1,1,1,1,0,0,20231101,20231209
19T0#72,0,0,1,1,1,0,0,20231108,20231110
19T0#73,1,1,1,1,1,0,0,20231101,20231209
19T0#74,1,1,1,1,1,0,0,20231210,20240331
19T0#75,1,1,1,1,1,0,0,20231210,20240331
19T0#76,1,1,1,1,1,0,0,20231210,20231222
19T0#77,1,1,1,1,1,0,0,20231223,20240331
19T0#78,1,1,1,1,1,0,0,20231210,20231215
19T0#79,1,1,1,1,1,0,0,20231216,20240331
19T0#8,1,1,1,1,1,0,0,20231101,20231209
19T0#80,1,1,1,1,1,0,0,20231210,20240331
19T0#81,1,1,1,1,0,0,0,20231218,20231221
19T0#82,1,1,1,1,1,0,0,20231210,20240331
19T0#83,1,1,1,1,1,0,0,20231211,20231215
19T0#84,1,1,1,1,1,0,0,20231210,20240331
19T0#85,1,1,1,1,1,0,0,20231211,20240331
19T0#86,1,1,1,1,1,0,0,20231210,20240331
19T0#87,1,1,1,1,1,0,0,20231211,20231222
19T0#88,1,1,1,1,1,0,0,20231210,20240331
19T0#89,1,1,1,1,1,0,0,20231210,20240331
19T0#9,1,1,1,1,1,0,0,20231101,20231209
19T0+03,1,1,1,1,1,0,0,20231101,20231209
19T0+03#1,1,1,1,1,1,0,0,20231101,20231209
19T0+03#10,1,1,1,1,1,0,0,20231210,20240331
19T0+03#2,1,1,1,1,1,0,0,20231101,20231209
19T0+03#3,1,1,1,1,1,0,0,20231101,20231209
19T0+03#4,1,1,1,1,1,0,0,20231204,20231208
19T0+03#5,1,1,1,1,1,0,0,20231101,20231209
19T0+03#6,0,0,1,1,1,0,0,20231108,20231110
19T0+03#7,1,1,1,1,1,0,0,20231101,20231209
19T0+03#8,1,1,1,1,1,0,0,20231101,20231112
19T0+03#9,1,1,1,1,1,0,0,20231113,20231209
19T0+04,0,0,1,1,0,0,0,20231101,20231209
19T0+04#1,1,1,1,1,0,0,0,20231210,20240331
19T0+05,0,0,1,1,1,0,0,20231101,20231209
19T0+05#1,0,0,1,1,1,0,0,20231101,20231209
19T0+05#2,0,0,1,1,1,0,0,20231101,20231209
19T0+06,0,0,0,0,1,0,0,20231101,20231209
19T0+06#1,0,0,0,0,1,0,0,20231101,20231209
19T0+06#2,0,0,0,0,1,0,0,20231101,20231209
19T0+06#3,0,0,0,0,1,0,0,20231101,20231209
19T0+06#4,0,0,0,0,1,0,0,20231101,20231209
19T0+06#5,0,0,0,0,1,0,0,20231101,20231208
19T0+06#6,0,0,0,0,1,0,0,20231210,20240331
19T0+06#7,0,0,0,0,1,0,0,20231210,20240331
19T0+06#8,0,0,0,0,1,0,0,20231211,20231222
19T0+07,0,0,0,0,1,0,0,20231101,20231209
19T0+07#1,0,0,0,0,1,0,0,20231210,20240331
19T0+12100,0,0,1,1,1,0,0,20231101,20231209
19T0+13,1,1,1,0,0,0,0,20231101,20231209
19T0+13#1,1,1,1,0,0,0,0,20231210,20240331
19T0+13#2,1,1,1,0,0,0,0,20231218,20231221
19T0+14,1,1,1,1,0,0,0,20231101,20231209
19T0+14#1,1,1,1,1,0,0,0,20231101,20231209
19T0+14#2,1,1,1,1,0,0,0,20231101,20231209
19T0+14#3,1,1,1,1,0,0,0,20231101,20231209
19T0+14#4,1,1,1,1,0,0,0,20231101,20231209
19T0+14#5,1,1,1,1,0,0,0,20231210,20240331
19T0+14#6,1,1,1,1,0,0,0,20231210,20240331
19T0+14#7,1,1,1,1,0,0,0,20231211,20231222
"19T0+14,37",1,1,1,1,0,0,0,20231210,20240331
"19T0+14,37#1",1,1,1,1,0,0,0,20231211,20231222
19T0+162,0,0,0,0,1,0,0,20231210,20240331
19T0+163,0,0,0,0,1,0,0,20231210,20240331
19T0+166,0,0,0,0,1,0,0,20231210,20240331
19T0+168,0,0,0,0,1,0,0,20231210,20240331
19T0+169,0,0,0,0,1,0,0,20231210,20240331
19T0+17,0,0,1,1,1,0,0,20231101,20231209
19T0+17#1,0,1,1,1,1,0,0,20231210,20240331
19T0+18,1,1,1,1,0,0,0,20231101,20231110
19T0+18#1,1,1,1,1,0,0,0,20231111,20231209
19T0+18#10,1,1,1,1,0,0,0,20231101,20231209
19T0+18#11,1,1,1,1,0,0,0,20231101,20231209
19T0+18#12,1,1,1,1,0,0,0,20231101,20231209
19T0+18#13,1,1,1,1,0,0,0,20231101,20231112
19T0+18#14,1,1,1,1,0,0,0,20231113,20231209
19T0+18#15,1,1,1,1,0,0,0,20231101,20231209
19T0+18#16,1,1,1,1,0,0,0,20231101,20231208
19T0+18#17,1,1,1,1,0,0,0,20231101,20231209
19T0+18#18,1,1,1,1,0,0,0,20231210,20240331
19T0+18#19,1,1,1,1,0,0,0,20231210,20231215
19T0+18#2,1,1,1,1,0,0,0,20231101,20231209
19T0+18#20,1,1,1,1,0,0,0,20231216,20240331
19T0+18#21,1,1,1,1,0,0,0,20231210,20240331
19T0+18#22,1,1,1,1,0,0,0,20231211,20231230
19T0+18#23,1,1,1,1,0,0,0,20231210,20240331
19T0+18#24,1,1,1,1,0,0,0,20231211,20231222
19T0+18#3,1,1,1,1,0,0,0,20231101,20231209
19T0+18#4,1,1,1,1,0,0,0,20231101,20231209
19T0+18#5,1,1,1,1,0,0,0,20231101,20231209
19T0+18#6,1,1,1,1,0,0,0,20231101,20231209
19T0+18#7,1,1,1,1,0,0,0,20231101,20231209
19T0+18#8,1,1,1,1,0,0,0,20231101,20231209
19T0+18#9,1,1,1,1,0,0,0,20231101,20231209
19T0+37,1,1,1,1,1,0,0,20231101,20231209
19T0+37#1,1,1,1,1,1,0,0,20231101,20231209
19T0+37#10,1,1,1,1,1,0,0,20231101,20231209
19T0+37#11,1,1,1,1,1,0,0,20231101,20231209
19T0+37#12,1,1,1,1,1,0,0,20231104,20231209
19T0+37#13,1,1,1,1,1,0,0,20231101,20231209
19T0+37#14,1,1,1,1,1,0,0,20231101,20231117
19T0+37#15,1,1,1,1,1,0,0,20231118,20231209
19T0+37#16,1,1,1,1,1,0,0,20231101,20231209
19T0+37#17,1,1,1,1,1,0,0,20231101,20231209
19T0+37#18,1,1,1,1,1,0,0,20231101,20231209
19T0+37#19,1,1,1,1,1,0,0,20231101,20231209
19T0+37#2,1,1,1,1,1,0,0,20231101,20231124
19T0+37#20,1,1,1,1,1,0,0,20231101,20231209
19T0+37#21,1,1,1,1,1,0,0,20231101,20231209
19T0+37#22,1,1,1,1,1,0,0,20231101,20231209
19T0+37#23,1,1,1,1,1,0,0,20231101,20231209
19T0+37#24,1,1,1,1,1,0,0,20231101,20231209
19T0+37#25,1,1,1,1,1,0,0,20231101,20231209
19T0+37#26,1,1,1,1,1,0,0,20231101,20231119
19T0+37#27,1,1,1,1,1,0,0,20231120,20231209
19T0+37#28,1,1,1,1,1,0,0,20231101,20231209
19T0+37#29,1,1,1,1,1,0,0,20231101,20231209
19T0+37#3,1,1,1,1,1,0,0,20231101,20231209
19T0+37#30,1,1,1,1,1,0,0,20231101,20231203
19T0+37#31,1,1,1,1,1,0,0,20231204,20231209
19T0+37#32,1,1,1,1,1,0,0,20231101,20231203
19T0+37#33,1,1,1,1,1,0,0,20231101,20231209
19T0+37#34,1,1,1,1,1,0,0,20231101,20231209
19T0+37#35,1,1,1,1,1,0,0,20231101,20231130
19T0+37#36,1,1,1,1,1,0,0,20231101,20231126
19T0+37#37,1,1,1,1,1,0,0,20231201,20231209
19T0+37#38,1,1,1,1,1,0,0,20231101,20231209
19T0+37#39,1,1,1,1,1,0,0,20231101,20231209
19T0+37#4,1,1,1,1,1,0,0,20231101,20231110
19T0+37#40,1,1,1,1,1,0,0,20231101,20231209
19T0+37#41,1,1,1,1,1,0,0,20231101,20231209
19T0+37#42,1,1,1,1,1,0,0,20231101,20231112
19T0+37#43,1,1,1,1,1,0,0,20231113,20231209
19T0+37#44,1,1,1,1,1,0,0,20231101,20231209
19T0+37#45,1,1,1,1,1,0,0,20231101,20231209
19T0+37#46,1,1,1,1,1,0,0,20231101,20231209
19T0+37#47,1,1,1,1,1,0,0,20231101,20231112
19T0+37#48,1,1,1,1,1,0,0,20231106,20231209
19T0+37#49,1,1,1,1,1,0,0,20231101,20231209
19T0+37#5,1,1,1,1,1,0,0,20231111,20231209
19T0+37#50,1,1,1,1,1,0,0,20231101,20231209
19T0+37#51,1,1,1,1,1,0,0,20231101,20231208
19T0+37#52,1,1,1,1,1,0,0,20231101,20231209
19T0+37#53,1,1,1,1,1,0,0,20231204,20231208
19T0+37#54,1,1,1,1,1,0,0,20231210,20240331
19T0+37#55,1,1,1,1,1,0,0,20231210,20231215
19T0+37#56,1,1,1,1,1,0,0,20231216,20240331
19T0+37#57,1,1,1,1,1,0,0,20231210,20240331
19T0+37#58,1,1,1,1,1,0,0,20240108,20240331
19T0+37#59,1,1,1,1,1,0,0,20231210,20240331
19T0+37#6,1,1,1,1,1,0,0,20231101,20231209
19T0+37#60,1,1,1,1,1,0,0,20231211,20231215
19T0+37#61,1,1,1,1,1,0,0,20231210,20240331
19T0+37#62,1,1,1,1,1,0,0,20231211,20231230
19T0+37#63,1,1,1,1,1,0,0,20231210,20240331
19T0+37#64,1,1,1,1,1,0,0,20231211,20231222
19T0+37#65,1,1,1,1,1,0,0,20231210,20240331
19T0+37#66,1,1,1,1,1,0,0,20231210,20240331
19T0+37#7,1,1,1,1,1,0,0,20231101,20231209
19T0+37#8,1,1,1,1,1,0,0,20231101,20231209
19T0+37#9,1,1,1,1,1,0,0,20231101,20231209
"19T0+37,14",1,1,1,1,0,0,0,20231101,20231209
"19T0+37,14#1",1,1,1,1,0,0,0,20231101,20231209
19T0+38,0,0,1,1,1,0,0,20231101,20231209
19T0+38#1,0,0,1,1,1,0,0,20231101,20231209
19T0+38#10,0,0,1,1,1,0,0,20231101,20231209
19T0+38#11,0,0,1,1,1,0,0,20231101,20231209
19T0+38#12,0,0,1,1,1,0,0,20231101,20231209
19T0+38#13,0,0,1,1,1,0,0,20231101,20231209
19T0+38#14,0,0,1,1,1,0,0,20231101,20231209
19T0+38#15,0,0,1,1,1,0,0,20231101,20231203
19T0+38#16,0,0,1,1,1,0,0,20231101,20231209
19T0+38#17,0,0,1,1,1,0,0,20231101,20231209
19T0+38#18,0,0,1,1,1,0,0,20231101,20231209
19T0+38#19,0,0,1,1,1,0,0,20231101,20231209
19T0+38#2,0,0,1,1,1,0,0,20231101,20231209
19T0+38#20,0,0,1,1,1,0,0,20231101,20231209
19T0+38#21,0,0,1,1,1,0,0,20231101,20231209
19T0+38#22,0,0,1,1,1,0,0,20231101,20231209
19T0+38#23,0,0,1,1,1,0,0,20231101,20231209
19T0+38#24,0,0,1,1,1,0,0,20231101,20231209
19T0+38#25,0,0,0,1,1,0,0,20231101,20231112
19T0+38#26,0,0,0,1,1,0,0,20231101,20231105
19T0+38#27,0,0,1,0,0,0,0,20231106,20231209
19T0+38#28,0,0,1,1,1,0,0,20231101,20231209
19T0+38#29,0,0,1,1,1,0,0,20231101,20231209
19T0+38#3,0,0,0,1,1,0,0,20231101,20231103
19T0+38#30,0,0,1,1,1,0,0,20231101,20231208
19T0+38#31,1,1,1,1,1,0,0,20231210,20240331
19T0+38#32,1,1,1,1,1,0,0,20231216,20240331
19T0+38#33,1,1,1,1,1,0,0,20231210,20240331
19T0+38#34,1,1,1,1,1,0,0,20231210,20240331
19T0+38#35,1,1,1,1,1,0,0,20231210,20240331
19T0+38#36,1,1,1,1,1,0,0,20231210,20240331
19T0+38#4,0,0,1,0,0,0,0,20231104,20231209
19T0+38#5,0,0,1,1,1,0,0,20231101,20231209
19T0+38#6,0,0,1,1,1,0,0,20231101,20231209
19T0+38#7,0,0,1,1,1,0,0,20231101,20231209
19T0+38#8,0,0,1,1,1,0,0,20231101,20231209
19T0+38#9,0,0,1,1,1,0,0,20231101,20231209
"19T0+38,958N",1,1,1,1,1,0,0,20231210,20240331
19T0+43,0,0,0,0,1,0,0,20231101,20231209
19T0+43#1,0,0,0,0,1,0,0,20231101,20231209
19T0+43#10,0,0,0,0,1,0,0,20231210,20231222
19T0+43#11,0,0,0,1,1,0,0,20231223,20240331
19T0+43#2,0,0,0,0,1,0,0,20231101,20231103
19T0+43#3,0,0,0,0,1,0,0,20231104,20231209
19T0+43#4,0,0,0,0,1,0,0,20231101,20231209
19T0+43#5,0,0,0,0,1,0,0,20231101,20231209
19T0+43#6,0,0,0,0,1,0,0,20231101,20231117
19T0+43#7,0,0,0,0,1,0,0,20231110,20231112
19T0+43#8,0,0,0,0,1,0,0,20231118,20231209
19T0+43#9,0,0,0,1,1,0,0,20231210,20240331
19T0+46,1,1,1,1,1,0,0,20231101,20231209
19T0+46#1,1,1,1,1,1,0,0,20231210,20240331
19T0+50,0,0,0,0,1,0,0,20231101,20231209
19T0+50#1,0,0,0,0,1,0,0,20231101,20231209
19T0+50#2,0,0,0,0,1,0,0,20231101,20231209
19T0+50#3,0,0,0,0,1,0,0,20231101,20231209
19T0+50#4,0,0,0,0,1,0,0,20231101,20231209
19T0+50#5,0,0,0,0,1,0,0,20231101,20231209
19T0+50#6,0,0,0,0,1,0,0,20231210,20240331
19T0+50#7,0,0,0,0,1,0,0,20231210,20240331
19T0+50#8,0,0,0,0,1,0,0,20231211,20231222
19T0+55,0,0,0,1,1,0,0,20231101,20231209
19T0+55#1,0,0,0,1,1,0,0,20231210,20240331
19T0+55#2,0,0,0,1,0,0,0,20231218,20231221
19T0+55#3,0,0,0,1,1,0,0,20231210,20240331
19T0+56,0,0,0,0,1,0,0,20231101,20231209
19T0+56#1,0,0,0,0,1,0,0,20231101,20231209
19T0+56#2,0,0,0,0,1,0,0,20231210,20240331
19T0+59,0,0,0,0,1,0,0,20231101,20231209
19T0+59#1,0,0,0,0,1,0,0,20231210,20240331
19T0+62,1,1,1,1,1,0,0,20231101,20231209
19T0+62#1,1,1,1,1,1,0,0,20231210,20240331
19T0+74,1,1,1,1,1,0,0,20231101,20231209
19T0+74#1,1,1,1,1,1,0,0,20231101,20231209
19T0+74#2,1,1,1,1,1,0,0,20231101,20231119
19T0+74#3,1,1,1,1,1,0,0,20231120,20231209
19T0+74#4,1,1,1,1,1,0,0,20231101,20231209
19T0+74#5,1,1,1,1,1,0,0,20231210,20240331
19T0+75,0,0,0,0,1,0,0,20231210,20240331
19T0+76,1,1,1,1,1,0,0,20231101,20231209
19T0+76#1,1,1,1,1,1,0,0,20231210,20240331
19T0+77,0,0,0,0,1,0,0,20231210,20240331
19T0+84,0,0,1,1,1,0,0,20231101,20231209
19T0+84#1,0,0,1,1,1,0,0,20231101,20231209
19T0+84#2,0,0,1,1,1,0,0,20231101,20231209
19T0+84#3,1,1,1,1,1,0,0,20231210,20240331
19T0+85,1,1,1,1,1,0,0,20231101,20231209
19T0+85#1,1,1,1,1,1,0,0,20231101,20231209
19T0+85#2,1,1,1,1,1,0,0,20231101,20231209
19T0+85#3,1,1,1,1,1,0,0,20231101,20231209
19T0+85#4,1,1,1,1,1,0,0,20231101,20231209
19T0+85#5,1,1,1,1,1,0,0,20231210,20240331
19T0+86,0,0,0,0,1,0,0,20231210,20240331
19T0+958N,1,1,1,1,1,0,0,20231210,20240331
"19T0+958N,37",1,1,1,1,1,0,0,20231210,20240331
19T0+DD,0,1,0,1,0,0,0,20231101,20231209
19T0+DD#1,0,1,0,1,0,0,0,20231210,20231215
19T0+DD#2,0,1,0,1,0,0,0,20231216,20240331
19T0+g9,1,1,1,1,0,0,0,20231210,20240331
19T0+l4,0,0,0,1,0,0,0,20231101,20231209
19T0+l4#1,0,0,0,1,0,0,0,20231210,20240331
19T0+lk,1,0,0,1,0,0,0,20231101,20231209
19T0+lk#1,1,0,0,1,0,0,0,20231210,20240331
19T0+MMF,1,0,1,0,1,0,0,20231101,20231209
19T0+MMF#1,1,0,1,0,1,0,0,20231101,20231209
19T0+MMF#2,1,0,1,0,1,0,0,20231210,20240331
19T0+MMF#3,1,0,1,0,1,0,0,20231210,20240331
19T0+MMF#4,1,0,1,0,1,0,0,20231211,20231222
19T0+ts,0,1,0,0,1,0,0,20231101,20231209
19T0+ts#1,0,1,0,0,1,0,0,20231210,20240331
19T0+ts#2,0,1,0,0,1,0,0,20231211,20231230
19T0+vr,1,1,1,1,1,0,0,20231101,20231209
19T0+vr#1,1,1,1,1,1,0,0,20231210,20240331
19T0+WS,1,1,1,1,1,0,0,20231101,20231209
19T0+WS#1,0,0,1,1,1,0,0,20231108,20231110
19T0+WS#2,1,1,1,1,1,0,0,20231210,20240331
19T1,1,1,1,1,1,1,0,20231101,20231209
19T1#1,1,1,1,1,1,1,0,20231101,20231209
19T1#2,1,1,1,1,1,1,0,20231101,20231209
19T1#3,0,0,1,1,1,0,0,20231108,20231110
19T1#4,1,1,1,1,1,1,0,20231210,20240331
"19T1+60n,30n",1,1,0,1,1,0,0,20231210,20240331
19T2,0,0,0,0,0,1,0,20231101,20231209
19T2#1,0,0,0,0,0,1,0,20231101,20231209
19T2#10,0,0,0,0,0,1,0,20231101,20231209
19T2#11,0,0,0,0,0,1,0,20231101,20231209
19T2#12,0,0,0,0,0,1,0,20231101,20231209
19T2#13,0,0,0,0,0,1,0,20231101,20231209
19T2#14,0,0,0,0,0,1,0,20231104,20231209
19T2#15,0,0,0,0,0,1,0,20231101,20231124
19T2#16,0,0,0,0,0,1,0,20231125,20231209
19T2#17,0,0,0,0,0,1,0,20231101,20231209
19T2#18,0,0,0,0,0,1,0,20231120,20231201
19T2#19,0,0,0,0,0,1,0,20231101,20231209
19T2#2,0,0,0,0,0,1,0,20231101,20231209
19T2#20,0,0,0,0,0,1,0,20231101,20231209
19T2#21,0,0,0,0,0,1,0,20231101,20231209
19T2#22,0,0,0,0,0,1,0,20231101,20231117
19T2#23,0,0,0,0,0,1,0,20231110,20231112
19T2#24,0,0,0,0,0,1,0,20231101,20231117
19T2#25,0,0,0,0,0,1,0,20231118,20231209
19T2#26,0,0,0,0,0,1,0,20231101,20231209
19T2#27,0,0,0,0,0,1,0,20231101,20231209
19T2#28,0,0,0,0,0,1,0,20231101,20231209
19T2#29,0,0,0,0,0,1,0,20231101,20231209
19T2#3,0,0,0,0,0,1,0,20231106,20231112
19T2#30,0,0,0,0,0,1,0,20231101,20231209
19T2#31,0,0,0,0,0,1,0,20231101,20231209
19T2#32,0,0,0,0,0,1,0,20231101,20231209
19T2#33,0,0,0,0,0,1,0,20231101,20231203
19T2#34,0,0,0,0,0,1,0,20231204,20231209
19T2#35,0,0,0,0,0,1,0,20231101,20231209
19T2#36,0,0,0,0,0,1,0,20231101,20231209
19T2#37,0,0,0,0,0,1,0,20231101,20231209
19T2#38,0,0,0,0,0,1,0,20231101,20231126
19T2#39,0,0,0,0,0,1,0,20231201,20231209
19T2#4,0,0,0,0,0,1,0,20231101,20231209
19T2#40,0,0,0,0,0,1,0,20231101,20231209
19T2#41,0,0,0,0,0,1,0,20231101,20231209
19T2#42,0,0,0,0,0,1,0,20231101,20231209
19T2#43,0,0,0,0,0,1,0,20231101,20231203
19T2#44,0,0,0,0,0,1,0,20231101,20231209
19T2#45,0,0,0,0,0,1,0,20231101,20231209
19T2#46,0,0,0,0,0,1,0,20231101,20231209
19T2#47,0,0,0,0,0,1,0,20231101,20231112
19T2#48,0,0,0,0,0,1,0,20231101,20231105
19T2#49,0,0,0,0,0,1,0,20231106,20231209
19T2#5,0,0,0,0,0,1,0,20231101,20231110
19T2#50,0,0,0,0,0,1,0,20231101,20231209
19T2#51,0,0,0,0,0,1,0,20231101,20231209
19T2#52,0,0,0,0,0,1,0,20231101,20231209
19T2#53,0,0,0,0,0,1,0,20231101,20231208
19T2#54,0,0,0,0,0,1,0,20231101,20231209
19T2#55,0,0,0,0,0,1,0,20231101,20231209
19T2#56,0,0,0,0,0,1,0,20231101,20231209
19T2#57,0,0,0,0,0,1,0,20231101,20231112
19T2#58,0,0,0,0,0,1,0,20231113,20231209
19T2#59,0,0,0,0,0,1,0,20231210,20240331
19T2#6,0,0,0,0,0,1,0,20231101,20231209
19T2#60,0,0,0,0,0,1,0,20231210,20240331
19T2#61,0,0,0,0,0,1,0,20231210,20231222
19T2#62,0,0,0,0,0,1,0,20231223,20240331
19T2#63,0,0,0,0,0,1,0,20231216,20240331
19T2#64,0,0,0,0,0,1,0,20231210,20240331
19T2#65,0,0,0,0,0,1,0,20231210,20240331
19T2#66,0,0,0,0,0,1,0,20231210,20240331
19T2#67,0,0,0,0,0,1,0,20231211,20240331
19T2#68,0,0,0,0,0,1,0,20231210,20240331
19T2#69,0,0,0,0,0,1,0,20231210,20240331
19T2#7,0,0,0,0,0,1,0,20231101,20231209
19T2#8,0,0,0,0,0,1,0,20231101,20231209
19T2#9,0,0,0,0,0,1,0,20231101,20231209
19T2+81,0,0,0,0,0,1,0,20231101,20231209
19T2+81#1,0,0,0,0,0,1,0,20231210,20240331
19T2+82,0,0,0,0,0,1,0,20231101,20231209
19T2+82#1,0,0,0,0,0,1,0,20231101,20231209
19T2+82#2,0,0,0,0,0,1,0,20231101,20231209
19T2+82#3,0,0,0,0,0,1,0,20231101,20231209
19T2+82#4,0,0,0,0,0,1,0,20231101,20231209
19T2+82#5,0,0,0,0,0,1,0,20231101,20231209
19T2+82#6,0,0,0,0,0,1,0,20231210,20240331
19T2+82#7,0,0,0,0,0,1,0,20231210,20240331
19T2+82#8,0,0,0,0,0,1,0,20231211,20231222
"19T2+82,61",0,0,0,0,0,1,0,20231101,20231209
"19T2+82,61#1",0,0,0,0,0,1,0,20231210,20240331
19T2+958N,0,0,0,0,0,1,0,20231210,20240331
19T2+ed,0,0,0,0,0,1,0,20231101,20231209
19T2+ed#1,0,0,0,0,0,1,0,20231210,20240331
19T3,0,0,1,0,0,0,1,20231101,20231209
19T3#1,0,0,1,0,0,0,1,20231101,20231209
19T3#10,0,0,1,0,0,0,1,20231101,20231209
19T3#11,0,0,1,0,0,0,1,20231101,20231209
19T3#12,0,0,1,0,0,0,1,20231101,20231209
19T3#13,0,0,1,0,0,0,0,20231101,20231103
19T3#14,0,0,0,0,0,0,1,20231104,20231209
19T3#15,0,0,1,0,0,0,1,20231101,20231124
19T3#16,0,0,0,0,0,0,1,20231125,20231209
19T3#17,0,0,1,0,0,0,1,20231101,20231209
19T3#18,0,0,0,0,0,0,1,20231120,20231201
19T3#19,0,0,1,0,0,0,1,20231101,20231209
19T3#2,0,0,1,0,0,0,1,20231101,20231209
19T3#20,0,0,1,0,0,0,1,20231101,20231209
19T3#21,0,0,1,0,0,0,1,20231101,20231209
19T3#22,0,0,1,0,0,0,1,20231101,20231117
19T3#23,0,0,0,0,0,0,1,20231110,20231112
19T3#24,0,0,1,0,0,0,1,20231101,20231117
19T3#25,0,0,0,0,0,0,1,20231118,20231209
19T3#26,0,0,1,0,0,0,1,20231101,20231209
19T3#27,0,0,1,0,0,0,1,20231101,20231209
19T3#28,0,0,1,0,0,0,1,20231101,20231209
19T3#29,0,0,1,0,0,0,1,20231101,20231209
19T3#3,0,0,0,0,0,0,1,20231106,20231112
19T3#30,0,0,1,0,0,0,1,20231101,20231209
19T3#31,0,0,1,0,0,0,1,20231101,20231209
19T3#32,0,0,1,0,0,0,1,20231101,20231209
19T3#33,0,0,1,0,0,0,1,20231101,20231126
19T3#34,0,0,1,0,0,0,1,20231101,20231209
19T3#35,0,0,1,0,0,0,1,20231101,20231209
19T3#36,0,0,1,0,0,0,1,20231101,20231209
19T3#37,0,0,1,0,0,0,1,20231101,20231209
19T3#38,0,0,1,0,0,0,1,20231101,20231112
19T3#39,0,0,1,0,0,0,1,20231101,20231209
19T3#4,0,0,1,0,0,0,1,20231101,20231209
19T3#40,0,0,1,0,0,0,1,20231101,20231209
19T3#41,0,0,1,0,0,0,1,20231101,20231208
19T3#42,0,0,1,0,0,0,1,20231101,20231209
19T3#43,0,0,1,0,0,0,1,20231101,20231209
19T3#44,0,0,1,0,0,0,1,20231101,20231209
19T3#45,0,0,0,0,0,0,1,20231105,20231105
19T3#46,0,0,1,0,0,0,1,20231101,20231112
19T3#47,0,0,0,0,0,0,1,20231113,20231209
19T3#48,1,0,0,0,0,0,1,20231210,20240331
19T3#49,1,0,0,0,0,0,1,20231210,20240331
19T3#5,0,0,1,0,0,0,1,20231101,20231110
19T3#50,0,0,0,0,0,0,1,20231210,20231222
19T3#51,1,0,0,0,0,0,1,20231223,20240331
19T3#52,0,0,0,0,0,0,1,20231210,20231215
19T3#53,1,0,0,0,0,0,1,20231216,20240331
19T3#54,1,0,0,0,0,0,1,20231210,20240331
19T3#6,0,0,1,0,0,0,1,20231101,20231209
19T3#7,0,0,1,0,0,0,1,20231101,20231209
19T3#8,0,0,1,0,0,0,1,20231101,20231209
19T3#9,0,0,1,0,0,0,1,20231101,20231209
19T3+43,1,0,0,0,1,1,1,20231210,20240331
19T3+43#1,1,0,0,0,1,1,1,20231223,20240331
19T3+70b,0,0,0,0,0,0,1,20231101,20231209
19T3+70b#1,0,0,0,0,0,0,1,20231210,20240331
19T3+958N,1,0,0,0,0,0,1,20231210,20240331
19T4,0,0,1,0,0,1,1,20231101,20231209
19T4#1,0,0,1,0,0,1,1,20231101,20231209
19T4#2,0,0,1,0,0,1,1,20231101,20231209
19T4#3,0,0,1,0,0,1,1,20231101,20231209
19T4#4,0,0,1,0,0,1,1,20231101,20231209
19T4#5,0,0,1,0,0,1,1,20231101,20231209
19T4#6,0,0,0,0,0,1,1,20231210,20240331
19T4+82,0,0,1,0,0,1,1,20231101,20231209
19T4+82#1,0,0,1,0,0,1,1,20231101,20231209
19T4+82#2,0,0,0,0,0,1,1,20231210,20240331
19T5,1,1,1,1,0,0,0,20231101,20231209
19T5#1,1,1,1,1,0,0,0,20231210,20240331
19T6,0,0,0,0,1,0,0,20231101,20231209
19T6#1,0,0,0,0,1,0,0,20231210,20240331
19T8,1,1,1,1,1,0,0,20231210,20240331
19T9,1,1,1,1,1,0,0,20231210,20240331
19TA,1,1,1,1,1,1,1,20231101,20231209
19TA#1,1,1,1,1,1,1,1,20231210,20240331
19TA#2,0,0,0,0,0,0,1,20231224,20231224
19TA#3,0,0,0,0,0,0,1,20231231,20231231
19UU+fs,0,0,0,0,1,1,0,20231101,20231209
19UU+fs#1,0,0,0,0,1,1,0,20231210,20240331
18T0,1,1,1,1,1,0,0,20231210,20240331
18T0#1,1,1,1,1,1,0,0,20231101,20231209
18T0+50,0,0,0,0,1,0,0,20231210,20240331
18T0+50#1,0,0,0,0,1,0,0,20231101,20231209
18T2,0,0,0,0,0,1,0,20231210,20240331
18T2#1,0,0,0,0,0,1,0,20231101,20231209
18T3,1,0,0,0,0,0,1,20231210,20240331
18T3#1,0,0,1,0,0,0,1,20231101,20231209
18T4,0,0,0,0,0,1,1,20231210,20240331
18T4#1,0,0,1,0,0,1,1,20231101,20231209
18T6,0,0,0,0,1,0,0,20231210,20240331
18T6#1,0,0,0,0,1,0,0,20231101,20231209
16T0,1,1,1,1,1,0,0,20231210,20240331
16T0#1,1,1,1,1,1,0,0,20231101,20231209
16T0#2,1,1,1,1,1,0,0,20231101,20231209
16T0#3,1,1,1,1,1,0,0,20231101,20231209
16T0+94,1,1,1,1,0,0,0,20231210,20240331
16T0+94#1,1,1,1,1,0,0,0,20231101,20231209
16T0+96,0,0,0,1,1,0,0,20231210,20240331
16T0+96#1,0,0,0,0,1,0,0,20231101,20231209
16T1,1,1,1,1,1,1,0,20231210,20240331
16T1#1,1,1,1,1,1,1,0,20231101,20231209
16T2,0,0,0,0,0,1,0,20231210,20240331
16T2#1,0,0,0,0,0,1,0,20231101,20231209
16T2#2,0,0,0,0,0,1,0,20231101,20231209
16T2+60,0,0,0,0,0,1,0,20231210,20240331
16T2+60#1,0,0,0,0,0,1,0,20231101,20231209
16T3,1,0,0,0,0,0,1,20231210,20240331
16T3#1,0,0,1,0,0,0,1,20231101,20231209
16T3#2,0,0,1,0,0,0,1,20231101,20231209
16T4,0,0,0,0,0,1,1,20231210,20240331
16T4#1,0,0,1,0,0,1,1,20231101,20231209
16T4+94,1,1,0,0,0,0,1,20231210,20240331
16T4+94#1,0,0,1,0,0,0,1,20231101,20231209
16T4+96,0,0,0,0,0,1,1,20231210,20240331
16T4+96#1,0,0,0,0,0,1,0,20231101,20231209
20T0,1,1,1,1,1,0,0,20231210,20240331
20T0#1,1,1,1,1,1,0,0,20231210,20231215
20T0#10,1,1,1,1,1,0,0,20231101,20231209
20T0#11,1,1,1,1,1,0,0,20231101,20231209
20T0#2,1,1,1,1,1,0,0,20231216,20240331
20T0#3,1,1,1,1,1,0,0,20231101,20231209
20T0#4,1,1,1,1,1,0,0,20231101,20231209
20T0#5,1,1,1,1,1,0,0,20231101,20231209
20T0#6,1,1,1,1,1,0,0,20231101,20231209
20T0#7,1,1,1,1,1,0,0,20231101,20231112
20T0#8,1,1,1,1,1,0,0,20231113,20231209
20T0#9,1,1,1,1,1,0,0,20231101,20231209
20T0+37,1,1,1,1,1,0,0,20231210,20240331
20T0+37#1,1,1,1,1,1,0,0,20231101,20231209
20T2,0,0,0,0,0,1,0,20231210,20240331
20T2#1,0,0,0,0,0,1,0,20231216,20240331
20T2#10,0,0,0,0,0,1,0,20231101,20231209
20T2#2,0,0,0,0,0,1,0,20231101,20231209
20T2#3,0,0,0,0,0,1,0,20231101,20231209
20T2#4,0,0,0,0,0,1,0,20231101,20231209
20T2#5,0,0,0,0,0,1,0,20231101,20231209
20T2#6,0,0,0,0,0,1,0,20231101,20231112
20T2#7,0,0,0,0,0,1,0,20231113,20231209
20T2#8,0,0,0,0,0,1,0,20231101,20231209
20T2#9,0,0,0,0,0,1,0,20231101,20231209
20T3,1,0,0,0,0,0,1,20231210,20240331
20T3#1,0,0,0,0,0,0,1,20231210,20231215
20T3#2,1,0,0,0,0,0,1,20231216,20240331
20T3#3,0,0,1,0,0,0,1,20231101,20231209
20T3#4,0,0,1,0,0,0,1,20231101,20231209
20T3#5,0,0,1,0,0,0,1,20231101,20231209
20T3#6,0,0,1,0,0,0,1,20231101,20231209
20T3#7,0,0,1,0,0,0,1,20231101,20231209
20T3#8,0,0,1,0,0,0,1,20231101,20231209
65T0,1,1,1,1,1,0,0,20231210,20240331
65T0#1,1,1,1,1,1,0,0,20231210,20240331
65T0#2,1,1,1,1,1,0,0,20231211,20231231
65T0#3,1,1,1,1,1,0,0,20231101,20231209
65T0#4,1,1,1,1,1,0,0,20231101,20231209
65T2,0,0,0,0,0,1,0,20231210,20240331
65T2#1,0,0,0,0,0,1,0,20231210,20240331
65T2#2,0,0,0,0,0,1,0,20231211,20231231
65T2#3,0,0,0,0,0,1,0,20231101,20231209
65T2#4,0,0,0,0,0,1,0,20231101,20231209
65T3,1,0,0,0,0,0,1,20231210,20240331
65T3#1,0,0,1,0,0,0,1,20231101,20231209
